1 0.43028846153846156 0.4998210643680938 0.11778846153846154 0.14387962741833932
1 0.25 0.45326276494441886 0.13701923076923078 0.16182661525430056
1 0.5757211538461539 0.541945400262166 0.10817307692307693 0.12408882580805115
1 0.7223557692307693 0.5841397402036779 0.09615384615384616 0.12579263148749847
1 0.6490384615384616 0.5666483394636912 0.10576923076923077 0.11673727925163295
1 0.3449519230769231 0.48523539238447744 0.125 0.14670349785682482
1 0.5048076923076923 0.5306036230016743 0.11778846153846154 0.12464885818757009
1 0.8810096153846154 0.6354475821580502 0.10817307692307693 0.1409157488849742
1 0.08653846153846154 0.4233095221849024 0.17307692307692307 0.2071959674467279
1 0.7884615384615384 0.6156341935821023 0.1201923076923077 0.12478886628244996
1 0.9483173076923077 0.6670120395839145 0.08413461538461539 0.11066951409002275
1 0.17427884615384615 0.46447750995570625 0.10336538461538461 0.11900111731059923