1 0.422543883989662 0.5370486971059312 0.11858561610390489 0.14594470667382792
1 0.24321959767527193 0.5643437152949383 0.13791428150937776 0.16422885030660367
1 0.5693393288041475 0.5205157730750765 0.108858350146002 0.12598532716513247
1 0.7173436892794635 0.5028720022520395 0.09685310454458601 0.12747841047157069
1 0.645123415905468 0.5154362713214383 0.10641254848871148 0.11859163613411229
1 0.3406662704968374 0.5560958943589422 0.12581113973325814 0.1488950105361188
1 0.501905769986122 0.5370501165142078 0.11847373476138646 0.12671393744305867
1 0.8797641340939492 0.4875230699228151 0.1089562463207055 0.1428122502420554
1 0.08629991233046057 0.6003985687860776 0.17259982466092114 0.21041252218753967
1 0.7894730590626629 0.5059327331826406 0.12087758091523262 0.12689609001254026
1 0.9518865112932411 0.49178572393033926 0.08474996276846652 0.11214457070108598
1 0.18046087207069825 0.6040789023345713 0.10402268750268004 0.120813329718477