1 0.417746235459451 0.48742374548982864 0.12424910489863929 0.14362028479468128
1 0.23991870302746368 0.43790067499190743 0.1463733337391912 0.16120270528849298
1 0.560857888219508 0.5309219333972923 0.11407416204789857 0.12405373893418369
1 0.7039345685898554 0.575622044381679 0.10212487605808736 0.1260378643008694
1 0.6322738250406977 0.5574787196587164 0.11146048155579372 0.11675825631521314
1 0.3327943932847199 0.47122257405483575 0.13153058813959717 0.14627596342082355
1 0.4902242057987246 0.518830196137661 0.12368954666328318 0.12438951556391203
1 0.8612244915450211 0.6280373587721967 0.11696762165768113 0.14096460616853873
1 0.08577268205551143 0.4045902135960109 0.17154536411102286 0.2082188887304833
1 0.7691660280778808 0.6079785856341382 0.12609339281712934 0.12447345972134413
1 0.9252540279561234 0.6603519279459399 0.09208982276618563 0.111279010748064
1 0.1638128528945026 0.44847758787895065 0.1091265801813672 0.11907815831162721